Rank,Team,Gold,Silver,Bronze,Total
1,United States (USA),11,7,2,20
2,Greece (GRE),10,18,19,47
3,Germany (GER),6,5,2,13
4,France (FRA),5,4,2,11
5,Great Britain (GBR),2,3,2,7
6,Hungary (HUN),2,1,3,6
7,Austria (AUT),2,1,2,5
8,Australia (AUS),2,0,0,2
9,Denmark (DEN),1,2,3,6
10,Switzerland (SUI),1,2,0,3
11,Mixed team (ZZX),1,0,1,2
