Rank,Team,Gold,Silver,Bronze,Total
1,United States (USA),76,78,77,231
2,Germany (GER),4,5,6,15
3,Canada (CAN),4,1,1,6
4,Cuba (CUB),3,0,0,3
5,Hungary (HUN),2,1,1,4
5,Mixed team (ZZX),2,1,1,4
7,Norway (NOR),2,0,0,2
8,Austria (AUT),1,1,1,3
9,Great Britain (GBR),1,1,0,2
10,Switzerland (SUI),1,0,2,3
11,Greece (GRE),1,0,1,2
12,Australia (AUS),0,3,1,4
13,France (FRA),0,1,0,1
